0 473 571 75 67 1394 30 54 35 451 121 75 39 684 104 59 34 473 82 49 29 
1 471 576 73 66 682 105 62 33 471 82 49 29 450 121 75 39 1393 30 55 35 569 59 58 30 791 63 71 30 203 486 52 46 
2 462 584 76 62 683 105 60 33 451 121 75 39 1392 30 56 35 470 82 49 29 789 63 72 30 
3 456 586 79 64 468 79 47 29 683 105 61 33 450 121 76 39 1393 30 56 35 789 63 72 30 
4 449 593 76 65 1393 30 56 35 450 120 77 40 388 722 93 81 684 105 61 33 466 77 48 31 789 62 74 32 
5 446 594 76 72 1393 30 56 35 449 120 77 40 683 105 61 33 464 76 47 30 789 62 73 31 
6 436 604 76 64 1393 30 56 35 683 105 61 33 450 121 76 38 462 77 47 28 393 722 88 79 788 62 74 32 570 62 56 28 268 469 65 46 
7 431 607 77 66 1393 29 56 36 449 121 77 38 393 722 88 78 683 105 61 33 460 77 49 27 140 363 50 33 569 61 57 29 789 62 74 32 
8 424 611 72 72 1392 30 57 35 683 105 61 33 450 121 76 38 458 76 51 27 789 62 73 32 396 718 84 80 
9 414 616 80 71 1393 30 56 35 683 105 62 33 450 121 76 37 258 465 65 42 395 718 87 79 787 62 76 32 570 61 55 28 457 77 52 26 201 488 53 44 
10 412 622 76 69 1393 30 56 34 403 717 87 79 684 105 62 33 450 121 75 37 257 465 65 41 788 62 75 32 653 62 51 30 
11 1392 29 57 35 450 121 76 37 684 105 61 33 396 624 84 72 405 718 82 77 448 79 56 25 653 62 50 30 788 62 75 32 249 460 73 49 
12 1391 29 57 35 406 718 82 74 450 121 75 37 397 634 75 70 684 105 61 33 449 79 53 23 788 62 75 31 652 62 50 30 
13 1391 29 58 36 390 639 76 69 685 105 60 33 451 121 75 37 447 77 54 23 245 454 73 52 649 63 54 30 790 62 73 31 334 37 53 25 
14 1391 28 58 37 367 803 100 77 684 104 60 35 450 121 76 37 445 77 54 24 383 643 79 71 334 38 53 24 649 63 53 30 791 62 72 31 397 33 57 25 908 10 73 31 
15 376 653 81 74 375 802 97 75 1391 28 58 36 684 104 60 35 115 948 142 127 450 121 76 37 408 710 84 81 649 63 53 30 334 38 53 23 242 449 75 51 201 489 57 44 790 62 72 31 397 33 56 25 908 10 73 31 443 77 53 23 
16 371 656 80 76 1391 29 58 35 684 104 60 34 116 949 143 127 401 702 92 84 451 121 75 37 649 63 53 30 114 352 56 29 380 797 96 76 333 37 53 25 790 62 73 31 397 32 57 27 907 9 74 32 201 490 57 43 
17 1391 28 59 36 684 104 60 35 451 121 75 37 353 666 85 68 332 37 53 25 649 64 52 29 791 62 73 31 396 32 57 26 
18 1391 28 59 36 349 667 84 71 684 104 61 35 404 699 89 83 451 121 76 37 333 36 53 26 396 32 58 26 114 348 51 30 231 446 73 50 203 489 53 44 650 64 52 29 
19 344 676 81 71 1391 28 59 36 405 697 88 85 685 104 60 34 398 782 97 82 451 121 75 37 333 36 51 26 397 32 57 27 650 64 53 30 
20 336 680 85 72 1391 28 59 36 399 780 99 83 685 104 59 34 413 696 82 84 451 121 75 37 649 64 55 30 333 36 52 26 396 32 58 26 110 344 52 31 458 52 61 26 790 62 73 31 
21 405 779 98 78 415 696 80 82 331 684 83 74 1391 28 59 36 686 105 58 33 451 121 76 37 332 36 53 26 396 32 59 26 456 51 63 28 111 342 49 33 790 62 73 31 
22 411 777 96 74 1391 28 59 36 451 121 75 37 687 105 57 33 332 36 53 26 457 51 64 28 327 694 74 70 396 32 58 26 105 340 51 34 436 75 48 23 
23 320 697 76 71 418 696 77 81 415 765 100 83 1391 28 59 36 332 36 53 26 106 340 44 33 687 105 55 32 451 121 75 37 396 32 58 25 457 51 63 28 
24 332 37 52 24 1391 28 59 36 685 104 57 34 451 121 75 36 315 700 77 75 396 32 59 26 421 762 98 84 456 51 64 28 
25 1392 29 58 35 331 37 53 25 685 104 57 34 451 121 75 36 395 32 59 26 307 706 83 74 426 759 98 80 101 339 49 31 
26 299 716 83 70 330 37 52 25 433 757 101 78 1391 29 59 35 684 104 58 34 451 121 76 36 395 32 59 25 434 62 60 31 422 689 78 83 790 62 75 31 
27 1391 28 59 36 685 104 56 34 328 36 53 25 95 333 47 33 451 121 76 36 212 425 70 53 395 32 59 25 436 754 100 77 790 62 75 32 430 62 59 31 
28 1391 28 58 36 440 744 101 83 685 104 57 34 284 728 78 69 328 36 53 25 451 121 76 36 428 681 71 82 429 62 56 30 790 62 76 31 211 423 69 54 395 32 59 26 
29 445 740 99 84 429 680 67 83 1391 28 58 36 685 104 58 34 328 36 52 24 426 61 60 31 451 121 76 36 213 427 54 43 278 735 72 73 790 62 76 31 395 32 60 25 
30 450 736 96 86 429 679 67 81 211 426 54 44 1392 29 57 35 685 104 58 34 451 121 76 36 271 740 75 71 328 35 52 25 790 62 76 31 
31 459 731 94 87 434 678 60 77 1392 29 57 35 685 103 59 36 450 121 77 37 329 34 52 25 790 62 75 31 
32 463 728 95 85 434 676 59 76 684 103 61 36 1392 28 57 36 450 121 76 37 329 33 52 27 790 62 75 31 206 423 57 42 
33 472 722 94 83 434 673 61 77 1392 28 57 36 685 103 59 36 450 122 76 36 252 760 72 73 790 62 75 31 328 33 52 26 
34 473 721 95 80 437 672 59 75 1391 28 58 36 686 102 58 37 450 122 76 36 203 418 52 45 247 769 69 67 791 62 73 31 329 33 53 26 
35 476 717 96 78 439 671 56 75 1392 28 57 36 686 102 58 38 451 122 75 36 198 417 57 44 236 778 72 71 413 66 53 25 329 33 52 26 791 62 73 31 
36 479 712 98 78 234 782 72 69 688 101 57 38 1392 28 58 36 450 121 76 37 436 662 58 82 412 67 51 24 791 62 73 31 
37 489 701 92 86 689 100 58 39 450 121 76 37 1392 28 58 37 411 67 50 24 188 412 59 42 791 62 73 31 
38 493 697 94 87 689 100 58 39 1392 28 58 37 451 122 75 36 409 67 50 23 189 412 55 40 327 34 51 25 
39 502 694 90 81 1392 28 58 38 451 122 74 36 690 102 56 36 408 65 49 24 183 410 64 41 327 34 50 24 
40 501 690 96 81 451 121 75 37 690 101 55 37 1392 28 58 38 407 65 49 23 791 62 73 31 
41 510 684 97 80 181 407 61 40 406 64 49 24 451 121 74 36 690 99 54 38 1392 27 59 39 
42 517 681 95 80 404 65 50 22 183 406 56 39 1392 28 59 38 452 122 73 35 
43 523 676 92 79 1392 28 59 37 179 404 56 39 403 63 47 24 452 122 74 35 688 100 55 37 
44 531 671 86 79 1391 29 59 37 402 61 49 24 452 121 74 36 686 98 59 40 179 399 51 43 
45 536 664 90 79 403 62 45 22 1391 28 60 38 685 100 60 37 175 397 51 43 451 121 75 36 462 50 56 27 
46 544 662 85 77 1391 28 60 38 462 50 57 27 452 121 74 36 402 61 45 22 685 101 60 37 
47 546 656 84 79 1391 28 60 38 321 851 301 141 462 50 57 27 452 121 74 36 686 100 56 37 
48 549 652 89 78 322 851 301 142 649 72 54 30 1391 29 59 37 686 101 58 36 452 121 73 36 462 50 57 27 908 9 72 32 
49 162 391 54 42 322 852 301 142 555 642 88 81 684 101 61 37 452 121 73 36 461 50 57 27 649 72 55 30 1392 28 59 38 
50 162 389 54 45 1392 30 57 36 564 642 83 78 564 642 83 78 651 71 56 33 451 121 75 36 685 102 58 36 
51 1391 29 59 37 327 854 300 139 572 637 79 76 119 885 77 73 452 122 74 35 654 73 55 35 
52 1391 29 59 37 581 632 76 77 451 122 75 36 153 389 56 37 653 75 54 33 463 51 57 27 326 852 302 141 
53 1391 29 59 37 150 387 57 36 652 74 54 35 257 848 84 75 451 122 75 36 686 103 59 34 463 50 57 28 
54 150 386 57 35 258 846 88 75 1391 29 58 36 587 619 89 79 451 122 75 35 652 74 52 36 463 50 57 28 
55 592 615 91 73 260 842 86 80 1391 29 59 36 148 383 57 36 451 122 75 35 650 72 52 38 462 50 59 28 
56 148 381 56 38 598 611 89 73 1391 29 59 36 266 838 83 82 651 72 50 40 452 122 73 35 
57 604 602 87 78 146 379 56 39 1391 28 58 37 452 122 73 35 264 837 89 79 651 73 50 36 
58 146 377 52 41 609 599 86 77 1390 28 59 37 267 832 87 74 452 122 73 35 651 73 50 36 462 50 58 27 609 599 86 77 
59 619 594 80 75 268 828 90 80 1391 29 58 36 142 376 52 41 452 122 74 35 426 616 58 69 651 74 49 35 462 50 59 28 
60 623 590 88 74 270 827 92 78 140 373 49 38 1391 28 58 37 452 122 74 35 428 615 55 68 648 72 52 33 
61 275 823 93 81 626 583 87 74 140 371 46 37 1391 28 58 37 452 122 74 35 462 51 58 26 
62 278 820 96 79 632 579 84 71 138 370 48 38 1391 28 58 37 452 122 74 35 462 50 59 27 
63 279 817 96 80 639 576 82 69 134 368 48 39 1391 28 58 37 423 607 59 65 452 122 74 35 462 50 59 28 
64 646 570 78 71 130 367 50 37 1390 28 59 36 279 816 96 78 452 122 74 35 461 50 60 27 390 35 62 29 421 605 60 64 
65 651 561 83 74 1390 28 59 37 289 810 95 76 131 367 48 35 452 122 73 35 462 50 59 27 321 33 52 22 391 35 61 29 
66 655 558 82 71 1391 28 58 37 125 365 52 35 290 807 98 76 462 50 59 27 452 122 73 35 391 35 61 28 321 33 52 22 417 601 62 63 
67 663 554 85 70 293 803 97 79 1391 29 58 36 462 51 58 26 453 122 71 35 389 35 62 28 
68 297 799 97 81 671 553 76 63 1391 29 58 36 461 51 59 26 117 359 55 35 453 122 71 35 389 35 62 29 399 596 71 63 320 33 51 22 
69 675 543 82 68 1391 29 58 36 461 51 59 26 300 798 95 79 388 35 63 28 453 122 71 35 320 33 50 22 792 63 70 30 399 595 70 62 
70 683 543 75 62 392 587 77 65 304 794 92 79 1391 28 57 36 461 50 59 27 453 122 71 35 320 33 50 22 390 35 61 28 690 104 54 32 792 63 69 30 
71 693 536 69 64 1391 28 57 36 461 50 59 27 453 122 71 35 320 33 50 22 388 35 63 28 690 105 54 31 791 63 69 30 116 354 49 34 395 587 73 62 
72 393 588 74 59 696 532 71 63 1391 28 58 36 310 789 97 77 114 352 49 36 460 50 60 27 688 105 56 31 453 122 71 35 792 63 70 30 320 33 50 22 
73 316 786 94 78 112 351 49 36 392 581 71 63 1391 28 57 36 460 50 60 27 688 105 56 31 697 521 94 70 452 122 72 35 791 63 69 30 627 98 49 35 319 32 51 23 
74 112 349 47 36 390 581 73 61 1391 29 57 35 701 520 94 65 625 99 48 36 317 782 96 79 687 105 56 31 460 50 60 27 791 63 70 30 452 122 72 35 
75 109 348 47 36 704 518 89 63 316 777 99 81 623 101 49 34 1392 29 56 35 389 576 67 62 452 122 72 35 688 105 54 31 460 50 60 27 792 63 70 30 
76 109 348 43 34 386 577 73 60 620 102 49 33 1392 29 56 35 690 105 53 31 453 122 71 35 792 63 70 30 324 774 97 81 460 50 60 27 
77 105 347 45 34 617 102 50 34 1392 29 56 35 383 576 70 59 689 105 54 31 452 122 73 35 792 63 70 29 460 50 60 27 
78 105 346 43 33 384 575 70 59 615 102 50 35 1392 29 56 35 689 105 54 31 791 64 71 29 452 122 73 35 331 762 93 85 459 50 61 27 
79 334 759 92 88 102 343 46 35 1392 29 56 36 689 105 55 31 792 63 71 30 452 122 73 35 459 50 61 27 616 102 50 35 
80 100 340 47 37 733 493 75 65 612 101 53 38 1392 28 57 37 688 105 56 32 452 122 73 35 792 64 70 29 459 50 61 28 362 851 298 137 
81 743 489 79 54 1392 28 57 37 452 121 73 36 608 102 58 37 688 105 57 31 341 754 87 87 792 64 70 29 459 50 61 28 100 339 46 35 
82 97 339 48 34 748 481 77 60 607 103 57 36 689 105 56 31 1392 29 57 36 452 121 73 36 793 64 68 29 380 559 66 64 460 50 61 28 
83 96 337 48 36 1392 28 57 37 689 105 55 31 451 121 74 36 793 64 68 28 377 558 67 63 459 50 62 28 607 104 55 35 
84 761 472 70 60 1392 28 57 37 94 338 48 34 689 105 55 32 451 121 75 36 793 64 69 28 459 50 62 28 
85 766 465 71 59 1392 28 57 37 688 105 56 32 91 338 50 34 793 64 69 29 
86 770 462 72 60 1392 28 57 37 688 105 57 32 451 121 75 36 794 64 68 29 460 50 61 27 
87 773 458 70 57 83 333 49 31 1392 28 57 37 688 105 57 32 451 121 75 36 794 64 68 29 
88 782 454 71 52 1392 28 57 37 688 105 56 32 83 331 48 33 451 122 74 35 793 64 66 29 
89 787 448 75 53 1392 28 57 36 83 330 47 32 687 105 59 32 451 122 74 35 792 64 68 29 
90 795 440 71 61 81 328 49 30 593 114 57 32 1392 28 57 37 451 122 74 36 688 105 57 32 793 64 66 29 350 543 76 54 
91 799 436 70 60 81 327 46 31 592 115 57 32 688 105 57 32 451 122 74 36 346 539 79 57 1391 28 58 36 793 64 64 29 
92 806 432 68 58 79 325 47 31 592 116 55 31 369 719 85 86 451 122 73 36 688 105 57 32 338 541 85 53 1391 28 58 37 794 63 63 30 
93 810 430 68 57 78 324 45 32 591 115 56 33 688 105 56 32 451 122 73 36 1391 28 58 37 795 63 62 30 460 50 60 27 
94 815 424 74 53 80 323 40 32 589 116 55 34 688 105 56 32 451 122 73 36 1391 28 58 37 793 63 64 30 460 50 60 27 648 66 50 26 
95 818 420 74 54 77 320 39 34 589 116 55 34 688 105 56 32 451 122 74 36 1391 28 58 36 794 63 64 30 460 50 60 27 648 66 49 26 
96 589 116 53 34 75 319 39 34 825 415 71 55 688 105 56 32 451 122 74 36 1391 28 58 37 460 50 60 27 795 64 62 29 649 66 49 26 
97 587 118 53 33 687 105 56 32 831 410 68 55 75 318 38 34 451 122 73 36 1391 28 58 37 796 64 59 29 460 50 60 27 649 66 49 26 
98 586 119 53 32 839 404 70 55 687 105 57 32 71 319 41 32 450 121 75 37 1391 28 58 37 794 64 63 30 460 50 60 27 385 698 79 88 648 66 50 26 
99 844 399 68 56 586 119 48 33 688 105 56 32 1391 28 58 37 450 121 74 37 71 319 39 31 794 64 61 29 390 698 73 84 
100 849 396 65 54 584 121 50 32 395 698 69 77 69 312 39 32 1391 29 57 36 452 122 72 36 687 106 55 31 421 864 302 117 868 32 58 30 647 65 49 27 795 64 61 29 461 50 59 27 
101 584 121 48 32 395 695 68 78 1391 29 57 35 454 122 69 36 687 106 56 31 794 64 60 29 64 311 42 34 461 51 58 26 850 392 65 52 648 66 50 26 870 32 55 29 423 863 299 121 811 591 19 35 
102 580 121 52 34 858 385 70 53 398 693 63 78 1391 29 57 36 455 122 69 36 65 311 40 33 687 106 56 31 794 64 61 29 460 50 59 27 871 32 54 30 647 66 50 26 321 519 74 53 792 32 56 25 
103 578 123 55 32 395 691 65 78 866 379 66 58 1391 29 57 35 687 106 55 31 454 122 69 36 797 64 58 29 460 50 59 27 871 32 53 30 797 32 51 24 648 66 50 26 
104 576 123 53 32 398 680 68 85 1391 29 57 36 687 106 55 31 454 122 69 36 797 64 57 29 871 376 62 57 63 308 40 32 460 50 59 27 869 32 55 29 648 66 49 26 434 859 296 122 811 591 19 34 
105 575 123 54 33 878 375 55 50 1391 29 57 36 399 680 65 83 687 106 55 31 454 122 69 35 798 64 56 29 460 50 59 27 870 32 54 29 648 66 49 26 62 307 40 31 549 72 49 31 
106 574 124 56 32 882 371 56 53 1391 29 57 36 687 106 55 31 402 679 62 82 454 122 69 36 799 64 56 29 460 50 59 27 871 32 52 31 648 66 49 26 443 867 311 105 
107 573 124 54 32 405 678 61 77 885 365 65 52 1391 29 57 36 687 106 55 31 798 63 57 30 455 122 67 36 460 50 59 27 870 32 53 30 450 869 303 102 648 66 49 26 549 72 49 31 
108 569 125 57 33 892 362 56 52 1391 29 57 36 687 106 55 31 405 676 60 75 798 64 57 30 455 122 67 35 459 50 60 27 869 32 54 29 647 66 50 26 549 72 50 31 
109 566 126 61 33 898 356 57 50 1391 29 57 35 686 106 57 31 456 122 66 35 800 64 53 29 459 50 60 27 870 32 53 29 648 66 49 26 549 72 50 31 406 674 59 74 
110 567 126 58 33 1391 29 57 35 687 106 56 31 900 351 63 52 455 122 67 36 459 50 60 27 799 64 57 29 869 32 54 30 648 66 49 26 45 302 46 29 
111 298 499 75 52 1391 29 57 35 563 126 63 33 687 106 56 31 455 122 68 36 908 343 62 54 459 50 60 27 798 64 57 29 409 661 55 81 549 72 50 31 868 33 54 29 648 66 49 26 
112 1391 29 57 35 913 346 58 48 290 498 73 51 687 106 56 31 565 127 59 31 454 122 69 36 798 64 56 29 459 50 60 27 869 32 54 30 410 661 54 78 647 66 50 25 1065 920 112 79 
113 916 344 60 45 288 495 76 54 1391 29 57 35 687 106 56 31 454 122 69 36 459 50 60 27 798 64 56 29 412 660 51 76 868 32 55 30 203 485 52 47 567 127 55 31 293 821 99 70 550 73 48 31 812 27 49 22 
114 921 340 61 46 1391 29 57 35 687 105 57 32 455 122 67 35 459 50 60 27 415 658 46 74 797 63 58 31 554 126 65 35 550 72 48 31 868 33 56 29 
115 925 332 60 53 1391 29 58 35 686 105 58 33 454 122 69 35 796 63 58 30 459 50 60 27 417 655 43 77 554 126 63 35 868 33 56 29 
116 1391 29 58 35 686 105 59 33 928 332 55 48 454 122 68 36 797 63 58 30 552 131 62 33 459 50 60 27 415 651 46 79 
117 936 323 57 52 1391 29 58 35 687 105 58 33 455 122 67 36 460 50 59 27 552 131 61 33 795 63 60 30 550 72 49 31 
118 940 321 57 50 1391 29 57 35 687 105 58 33 454 122 68 36 551 132 59 31 459 50 60 27 796 63 60 31 413 641 48 80 
119 948 316 53 49 1391 29 57 35 686 105 59 33 453 122 71 36 458 50 61 27 38 289 38 33 549 131 63 34 797 63 61 31 488 877 327 99 
120 952 314 52 45 1391 29 57 36 686 105 59 33 331 788 96 73 494 877 321 104 453 122 70 36 36 287 37 34 458 50 61 27 795 63 63 31 549 131 58 34 
121 500 874 315 109 955 310 48 48 1391 29 58 36 545 132 57 34 686 105 60 33 453 122 71 36 458 50 61 27 794 63 64 31 35 287 36 31 418 635 42 77 339 784 91 74 
122 965 307 48 41 544 131 59 35 497 877 326 106 686 105 59 33 1391 29 57 36 453 122 71 36 37 284 33 33 458 49 61 29 793 63 64 31 
123 969 305 45 42 542 131 59 37 1391 29 57 36 686 105 60 33 453 121 71 37 36 284 34 33 457 49 63 29 351 777 92 73 793 63 66 31 550 72 49 32 
124 972 305 40 38 540 132 58 35 1392 29 57 36 686 105 59 33 453 122 71 36 33 282 37 33 458 49 61 29 794 63 64 31 355 774 91 66 507 882 334 106 838 23 63 26 
125 975 303 38 38 541 132 57 35 1392 29 57 36 686 105 60 33 453 121 72 37 458 49 61 29 792 62 67 32 
126 537 132 61 36 980 292 42 45 687 105 59 33 453 121 72 38 1391 29 58 36 457 49 62 29 515 883 345 109 794 63 65 31 32 279 37 34 
127 537 133 59 35 687 105 59 33 1391 29 58 36 453 122 72 37 981 293 45 42 458 49 61 29 794 63 65 30 254 467 66 43 523 882 337 112 
128 536 136 60 33 687 105 59 33 1391 28 58 37 453 122 73 36 253 466 62 43 458 50 61 28 379 750 93 72 794 62 65 32 
129 533 135 59 34 384 751 90 68 251 464 65 44 687 105 58 33 1391 28 58 37 454 122 70 37 458 49 61 29 795 62 64 32 531 879 346 128 
130 392 744 89 71 686 105 59 33 1391 28 58 37 536 137 56 31 453 122 72 36 458 49 61 29 793 62 67 32 540 878 339 134 
131 410 601 52 76 1392 29 57 36 686 105 59 33 453 122 72 37 534 138 57 31 457 49 62 29 550 878 332 137 794 61 66 33 
132 401 736 96 72 409 599 53 74 1392 29 57 36 685 105 60 33 458 49 61 29 454 121 71 38 533 138 55 31 794 62 65 32 
133 685 105 60 33 531 139 56 30 1391 29 58 36 454 122 72 37 408 727 92 76 408 594 54 76 457 49 62 29 794 62 64 31 
134 416 725 90 75 685 105 60 33 1391 29 58 36 455 121 71 38 457 49 62 29 407 593 54 73 794 62 63 32 530 139 57 31 
135 420 722 91 73 685 104 60 34 1391 29 58 36 455 122 71 37 457 49 62 29 529 140 56 29 794 62 64 32 233 452 65 43 404 591 56 72 177 869 200 198 
136 426 717 93 73 685 104 60 34 1391 28 58 37 456 122 71 36 457 49 62 29 516 142 67 36 794 62 63 32 
137 685 104 60 35 1392 29 57 36 456 122 71 36 221 448 65 40 457 49 62 29 431 714 89 73 794 62 64 32 516 141 67 36 200 491 58 42 1023 257 56 36 
138 685 104 61 35 437 705 94 76 1391 28 58 37 455 122 73 36 513 142 70 35 457 49 62 29 1031 256 54 35 217 445 70 41 398 581 62 70 793 62 65 32 
139 445 698 91 77 398 576 59 72 685 104 60 34 218 443 65 42 1392 28 57 37 457 49 62 29 511 142 72 36 455 122 72 36 
140 1034 247 63 39 454 695 89 74 215 443 67 39 686 104 59 34 1392 28 57 37 512 145 69 32 394 575 62 69 457 49 62 29 454 122 74 36 
141 1037 246 58 36 459 694 88 72 1392 28 57 37 685 104 60 35 215 440 65 41 454 122 73 36 457 49 62 29 513 144 66 34 
142 464 691 87 66 1050 241 48 34 215 439 59 41 685 104 60 34 1392 29 57 36 512 145 65 33 454 122 73 36 457 49 62 29 
143 467 686 89 70 1051 239 49 34 509 146 66 33 1392 29 57 36 684 104 62 34 454 122 72 36 457 49 62 29 214 438 61 42 794 62 63 31 
144 1055 236 49 35 474 677 93 74 1392 29 57 36 684 104 62 35 507 146 65 33 457 49 62 29 453 122 74 36 794 63 62 30 
145 1060 233 47 38 478 675 92 69 505 147 66 31 684 104 62 34 1392 29 57 36 207 432 60 41 457 49 62 29 454 122 71 36 
146 1067 228 44 35 486 667 91 72 684 104 62 35 1392 29 57 36 457 49 62 29 503 148 62 31 453 122 73 35 180 838 239 218 793 62 63 31 252 42 61 24 
147 1072 228 43 31 494 663 86 73 1393 29 55 36 684 104 62 35 206 427 53 41 500 148 65 30 457 49 62 29 251 41 62 25 454 123 71 34 197 482 67 51 793 62 63 31 
148 1076 226 44 30 499 658 92 74 1392 29 57 36 684 104 62 35 202 426 54 39 499 147 62 32 457 49 62 29 793 62 63 31 251 42 62 24 180 829 240 227 454 122 71 35 
149 1076 224 48 31 505 655 88 72 683 104 63 35 1392 29 57 36 493 147 69 32 201 425 53 38 456 49 63 29 251 42 62 24 794 62 62 31 196 481 67 52 
150 1078 222 47 32 516 649 83 68 1391 29 57 36 186 415 63 47 685 105 60 33 200 481 63 52 187 821 232 234 252 42 60 24 459 49 61 29 791 62 74 32 866 30 59 31 495 145 64 35 
151 518 645 83 71 1079 217 50 35 1391 28 58 37 187 819 235 230 684 105 62 33 252 41 61 25 458 49 62 29 792 62 72 32 867 31 59 30 
152 527 641 82 70 1392 28 57 37 1086 210 48 41 683 105 62 33 185 816 244 235 666 909 339 160 792 62 71 31 459 50 61 28 866 31 60 30 252 42 60 24 
153 530 637 84 70 1088 211 49 38 1392 28 58 37 683 105 63 33 676 912 342 159 184 412 59 40 792 62 71 32 252 42 59 24 458 49 62 30 867 32 58 29 
154 1099 208 42 32 538 632 79 73 1392 28 58 37 683 105 63 33 186 817 250 234 353 539 78 60 792 62 70 31 252 42 58 25 458 49 62 30 867 31 59 30 
155 1104 206 39 31 543 629 81 64 1392 28 57 37 180 408 57 41 683 105 63 33 352 537 78 60 251 41 58 26 3 301 27 39 458 49 62 30 
156 1106 203 39 31 543 625 86 68 1392 29 57 36 351 537 76 58 683 105 63 34 177 405 55 43 791 62 71 32 251 41 56 26 458 49 62 30 
157 1108 201 38 32 545 618 84 70 1392 28 58 37 176 403 53 43 684 105 61 33 350 535 75 60 251 41 55 26 458 49 62 30 792 62 70 32 
158 1109 198 41 32 553 614 87 70 1391 28 59 37 683 105 62 34 174 400 52 44 251 41 56 26 458 49 62 30 791 62 72 32 
159 1115 197 39 30 565 613 80 66 1392 28 58 37 172 398 54 45 684 105 61 34 791 62 72 32 
160 566 608 87 64 1392 28 58 37 1117 196 38 29 172 398 50 41 683 105 62 34 251 40 56 27 
161 571 602 88 68 1391 28 59 37 684 105 61 34 1121 191 39 28 168 397 50 41 792 63 70 30 
162 575 596 89 70 1391 28 59 37 1122 190 38 28 683 105 63 34 791 62 71 31 251 40 55 28 
163 579 594 88 69 1392 28 58 37 683 105 63 34 161 393 53 38 251 41 53 27 792 63 70 30 
164 586 592 91 66 1392 28 58 37 683 105 63 34 792 63 69 31 459 49 61 30 1126 184 42 28 
165 592 585 88 67 1392 29 58 36 1131 182 37 29 683 104 63 35 153 388 53 36 250 41 51 26 792 63 69 30 458 49 62 30 
166 600 582 85 66 1392 29 58 36 151 387 53 36 682 104 65 35 250 40 51 28 458 49 62 30 792 63 69 30 
167 604 576 88 68 149 385 54 36 1392 29 58 36 682 104 65 35 458 49 62 30 249 41 51 27 
168 608 573 86 68 146 381 54 39 1392 29 58 35 683 105 63 34 408 711 93 80 458 49 62 30 
169 615 572 81 65 411 701 96 82 1392 29 58 35 146 380 48 38 683 104 64 35 248 40 50 28 458 49 62 29 
170 618 568 84 61 419 699 95 79 144 378 49 39 1392 29 58 35 683 104 63 35 248 40 49 29 458 49 62 29 
171 621 564 81 60 423 694 97 80 1392 29 58 36 683 104 63 35 248 40 49 28 458 49 62 29 
172 630 558 80 63 1392 29 58 36 683 104 64 35 247 41 49 28 458 49 62 29 135 373 52 37 428 691 93 77 396 32 57 26 550 42 58 26 
173 639 554 75 62 1392 28 58 37 683 104 64 35 248 42 46 25 457 49 63 29 135 372 49 37 397 32 55 26 435 684 101 76 550 42 58 26 
174 645 552 71 62 443 678 96 80 1392 28 58 37 246 41 47 26 683 104 64 35 131 370 52 37 302 494 71 55 457 49 63 29 397 32 56 26 
175 648 546 77 61 1392 28 58 37 454 673 90 81 682 104 65 35 245 41 48 27 457 49 63 29 21 323 43 43 397 32 56 26 
176 653 542 74 60 461 669 88 80 244 41 49 27 1392 29 57 36 682 104 64 35 457 49 63 29 397 32 55 26 550 42 58 26 
177 657 539 72 60 466 664 92 76 1392 28 57 37 245 41 47 27 682 104 64 35 457 49 64 29 397 32 55 26 550 42 58 26 
178 659 537 74 57 471 660 97 77 1392 28 58 37 682 104 65 36 244 41 47 26 458 49 62 29 398 32 53 26 549 41 59 27 
179 661 535 74 57 477 654 96 75 682 104 65 36 1392 28 57 37 243 42 48 25 285 480 74 55 458 49 62 29 115 358 58 37 397 32 54 26 
180 664 528 86 58 482 651 95 75 681 104 66 36 242 42 50 25 116 356 55 39 1392 28 58 37 458 49 62 29 397 32 54 26 550 42 58 26 282 476 73 57 
181 489 645 96 75 671 526 80 57 240 42 53 26 1392 28 58 37 681 104 66 36 115 357 54 37 277 476 72 54 457 49 64 29 397 32 55 26 
182 500 640 90 76 1392 28 57 37 240 42 52 26 682 104 65 36 274 474 70 54 114 353 52 36 458 49 63 29 396 32 56 26 
183 1392 28 57 37 683 104 64 36 239 42 53 26 504 634 90 76 1185 142 40 24 396 32 56 26 458 49 62 29 683 516 79 60 
184 1392 28 57 37 683 104 64 36 239 41 52 26 511 632 95 73 458 49 62 29 396 32 57 26 1183 140 44 26 
185 683 104 64 36 516 626 94 72 1392 28 57 37 239 41 52 27 459 49 61 29 396 32 57 26 695 512 74 60 265 470 71 46 
186 523 619 92 77 1392 29 57 36 682 104 65 36 1190 136 42 26 41 347 42 34 238 42 53 26 459 50 61 28 106 344 46 37 396 32 58 26 789 63 72 31 
187 531 614 87 77 1392 28 57 37 682 104 65 36 41 347 43 35 104 343 45 37 253 464 76 49 238 42 53 25 1191 135 45 26 459 49 61 29 396 32 57 26 
188 539 610 86 77 104 342 44 36 1392 29 57 36 44 348 40 35 682 104 65 36 238 43 52 24 459 49 61 29 395 32 58 26 
189 542 607 88 78 1392 29 57 36 682 104 65 36 100 340 45 36 45 349 41 36 395 32 57 26 251 458 72 50 458 49 62 29 1199 128 46 27 238 42 52 25 
190 548 600 93 77 99 338 46 37 246 455 74 51 1392 28 57 37 684 104 63 35 396 32 55 26 459 49 62 29 
191 553 595 92 75 244 454 74 52 1392 28 57 37 683 105 63 34 98 338 43 35 47 350 41 37 1207 125 38 27 397 32 54 26 
192 1392 29 57 36 1209 123 37 28 683 105 64 34 559 593 91 72 96 337 45 36 396 32 55 26 
193 1211 122 38 27 1392 28 57 37 683 105 64 34 567 589 89 74 396 32 54 26 
194 1214 121 39 26 569 584 96 70 1392 29 57 36 683 105 63 34 234 448 76 49 396 32 54 26 
195 576 580 92 71 1216 119 38 27 1392 29 57 36 684 105 62 34 396 32 55 26 
196 583 572 97 76 1216 117 38 28 1392 29 57 36 684 105 62 34 57 358 44 39 396 32 55 26 791 63 68 30 
197 1218 116 38 27 588 571 96 71 1393 29 55 36 684 105 62 34 58 357 45 42 752 465 73 52 396 32 55 26 791 63 69 31 
198 596 569 92 70 1392 28 57 37 757 461 71 54 685 105 61 34 59 355 46 46 1219 114 38 27 351 711 203 204 791 63 68 31 396 32 55 26 
199 764 456 70 53 58 355 48 46 1392 28 57 37 685 105 61 34 1220 114 40 26 601 562 92 69 357 709 198 205 791 63 69 31 396 32 55 26 
200 609 559 85 69 1228 108 40 26 1391 29 57 36 64 356 43 47 685 104 59 35 768 453 68 53 396 32 55 27 360 705 194 205 460 49 60 29 455 121 69 35 790 63 70 31 215 428 73 52 865 31 61 31 909 9 69 32 
201 614 552 87 71 1229 108 41 25 1392 28 56 36 772 450 69 50 683 104 63 35 214 427 73 52 63 358 44 45 397 33 54 26 459 49 61 29 454 121 71 35 548 71 50 33 791 63 71 30 909 9 70 32 395 142 74 36 
202 621 549 79 70 1230 107 41 26 1392 29 56 36 66 358 42 46 774 445 67 53 684 105 61 34 211 425 76 53 396 33 55 26 454 121 71 35 395 142 73 36 548 71 50 33 459 49 61 29 791 63 71 30 909 9 71 32 371 703 195 196 
203 625 540 90 74 1232 106 38 25 782 441 69 52 1392 28 56 37 68 361 41 45 684 105 62 34 210 423 73 54 397 33 54 26 455 121 70 35 459 49 61 29 791 63 71 31 395 142 73 36 548 71 50 33 909 9 71 32 
204 630 542 89 65 1392 28 56 37 69 362 41 45 787 438 67 51 684 105 61 34 1233 104 37 26 397 33 54 26 207 420 70 56 455 121 70 36 459 49 60 29 549 71 49 33 791 63 71 31 318 32 51 24 909 9 71 32 
205 637 538 88 65 69 363 45 45 1392 28 56 36 684 105 61 34 397 33 54 26 794 435 65 51 455 121 70 35 395 142 70 35 459 49 60 29 791 63 70 31 549 71 49 33 206 424 61 43 317 32 52 24 909 9 71 32 1237 98 44 28 
206 644 534 82 66 1392 28 56 36 69 364 50 47 685 105 59 33 397 33 54 26 798 428 69 52 455 122 71 35 459 49 60 29 393 142 71 35 1238 97 42 27 549 71 49 33 317 32 51 24 791 63 70 31 
207 651 532 76 64 71 365 50 46 1392 28 56 36 802 425 67 53 397 33 54 26 685 105 60 33 317 32 51 24 455 121 70 36 459 49 61 29 1239 96 41 27 548 71 50 33 791 63 71 30 203 417 56 47 
208 656 532 71 61 74 367 50 44 1392 28 56 36 807 422 65 53 685 105 60 33 396 33 55 26 1242 94 41 28 455 121 70 36 459 49 61 29 548 72 50 32 317 32 51 23 199 416 57 46 791 63 70 30 
209 812 421 62 49 658 522 78 65 74 367 51 46 1392 28 56 36 685 105 61 33 396 33 55 26 1245 94 40 25 454 121 72 36 459 49 61 29 548 72 49 32 791 63 71 31 317 32 51 23 200 481 64 53 185 411 66 44 
210 1392 28 55 36 815 419 58 52 78 367 49 47 1247 93 41 25 685 105 60 33 661 519 90 64 396 33 55 26 454 122 71 35 186 410 63 45 459 49 61 29 548 72 49 32 791 63 71 30 908 9 73 32 
211 1391 28 56 36 821 413 64 51 685 105 59 33 395 33 56 26 459 49 61 29 78 368 50 47 454 122 71 34 548 71 48 33 666 512 88 66 791 63 70 30 908 9 71 32 
212 1391 28 56 36 183 407 63 43 685 105 60 33 395 33 56 26 1254 88 38 25 459 49 61 29 79 367 49 48 831 411 55 41 549 72 47 32 454 121 72 36 791 63 70 30 909 9 70 32 
213 1392 28 56 36 829 402 67 54 1255 87 37 24 685 105 60 33 395 33 56 26 459 49 61 29 182 406 60 41 548 71 48 32 454 121 71 36 791 63 70 30 908 9 71 32 
214 1392 28 56 36 838 404 55 42 179 402 60 43 1256 86 38 25 685 105 60 33 395 33 56 26 460 49 60 29 85 374 46 47 454 122 71 34 549 72 47 31 790 63 71 30 
215 840 402 56 43 1391 28 57 36 1258 84 37 25 684 104 61 34 395 33 56 26 459 49 61 29 454 121 72 35 178 397 54 45 791 63 70 30 549 71 47 33 
216 1392 28 56 36 846 398 57 46 1260 83 34 24 684 105 62 33 395 33 56 26 459 49 61 29 454 122 72 34 549 71 47 32 790 63 70 30 
217 1392 28 55 36 849 396 56 46 1260 83 36 24 685 104 61 34 395 33 56 26 453 121 73 36 458 49 62 29 791 64 69 29 549 71 48 33 
218 1391 28 57 36 851 390 62 43 684 104 62 34 395 33 56 26 1263 81 34 24 453 121 73 36 458 49 62 29 790 64 70 29 549 71 47 33 1053 914 129 129 
219 1392 28 55 36 853 388 59 43 684 104 62 34 1263 80 37 24 395 33 56 26 452 121 74 36 459 49 61 29 429 637 205 202 1052 914 128 129 162 388 58 46 790 64 70 29 909 9 69 32 549 71 48 33 
220 863 382 57 43 1392 29 55 35 440 637 200 197 684 104 61 34 1268 76 35 25 395 33 56 26 452 121 74 36 91 387 45 40 161 389 55 41 458 49 62 29 791 64 69 29 909 10 69 31 1051 915 130 129 549 71 48 33 
221 868 380 55 42 1392 29 55 35 1271 75 34 23 684 104 61 34 446 634 199 195 452 121 74 36 395 33 56 26 1051 915 129 127 459 49 61 29 791 64 69 29 549 71 48 33 909 10 68 31 
222 1392 29 55 36 872 377 54 43 450 633 198 192 684 104 61 34 451 121 75 37 1051 915 130 127 394 33 57 26 790 64 71 29 150 386 59 35 1271 74 36 22 909 10 69 31 549 72 48 32 459 49 61 29 
223 1393 29 54 36 878 372 51 48 453 630 197 190 684 104 61 34 452 121 74 36 790 64 71 29 394 33 57 26 908 10 70 31 549 72 48 32 
224 880 369 61 42 1392 29 54 35 684 104 62 34 459 626 196 188 451 121 75 37 1056 919 120 85 790 63 71 30 394 32 57 27 549 71 48 33 908 10 71 31 459 49 61 29 866 32 59 28 
225 884 366 58 41 1392 29 54 35 685 104 61 34 451 121 75 37 464 621 196 190 790 64 71 29 394 32 57 27 1056 919 121 85 459 49 61 29 549 71 49 33 908 10 70 31 865 32 60 28 144 379 57 38 
226 888 362 59 44 1393 29 53 36 684 104 62 34 451 121 75 37 467 617 197 192 745 461 76 58 458 48 63 30 394 33 58 26 789 63 73 31 1057 919 120 84 549 71 49 33 908 10 70 31 865 31 60 29 
227 893 361 52 43 1393 29 53 35 683 104 63 35 451 121 75 37 1056 920 121 83 394 33 58 26 458 48 63 30 474 603 201 197 790 63 72 30 1282 65 35 24 549 71 49 33 908 10 70 31 866 32 59 28 
228 1393 29 53 35 896 353 61 47 682 104 64 35 134 370 55 40 755 451 75 60 450 121 76 37 458 49 63 30 395 33 59 26 1056 919 121 84 1285 64 31 24 472 614 200 191 790 63 72 31 477 600 198 202 549 71 49 33 908 10 70 31 865 32 60 29 
229 1393 29 53 35 902 349 55 44 682 104 65 35 1057 920 120 81 450 121 76 37 1286 63 35 23 458 48 63 31 395 33 58 26 790 63 72 30 549 71 49 33 479 598 198 204 866 32 59 28 908 10 70 31 
230 904 348 56 44 1393 29 53 35 682 104 65 35 1056 919 121 83 131 366 54 41 451 121 75 36 394 32 59 27 458 48 63 31 1287 62 31 23 789 63 73 30 481 596 200 203 908 10 70 31 866 32 59 29 549 71 49 33 
231 912 346 53 41 1393 30 53 34 1289 61 36 24 682 104 64 35 130 364 51 40 1058 920 119 80 108 399 50 43 450 121 77 37 394 32 60 27 458 48 63 31 790 63 72 30 485 595 196 196 908 10 70 31 549 70 49 34 865 32 60 29 
232 915 343 52 39 1392 29 54 36 681 104 65 35 1058 919 120 82 1289 60 38 24 125 363 54 37 109 399 52 44 450 121 77 36 497 593 194 195 394 32 59 27 458 48 63 31 488 597 192 188 790 63 73 30 908 10 70 31 
233 920 341 48 38 1393 30 53 35 128 363 48 35 1058 920 119 81 681 104 65 36 489 593 194 185 450 121 77 36 1290 59 36 24 108 396 52 48 458 48 63 31 394 32 59 27 790 63 72 30 908 10 70 31 549 71 48 33 492 590 204 191 
234 924 335 49 44 1393 30 53 35 681 104 65 36 1291 57 37 25 1057 920 120 81 785 433 65 53 494 587 204 191 450 121 77 36 394 33 59 26 458 48 63 31 108 396 55 50 493 593 186 182 117 359 56 39 790 63 72 30 908 10 70 31 549 71 48 33 
235 1393 30 53 35 681 104 66 36 927 329 55 42 1058 920 117 81 497 585 202 191 113 400 52 46 451 121 76 36 394 33 59 26 458 48 63 30 116 357 56 39 1296 56 34 24 786 433 68 51 908 9 71 32 790 63 73 31 
236 1393 30 53 34 1060 920 114 80 928 328 56 44 503 583 202 187 681 104 65 36 113 402 52 45 451 121 76 36 395 33 58 26 458 48 62 30 790 63 72 30 908 10 70 31 
237 1393 30 53 34 1060 920 113 80 937 324 53 40 681 104 65 36 498 542 223 233 451 121 76 36 794 424 74 55 112 351 54 37 505 580 205 184 459 48 62 30 395 33 58 26 112 402 52 45 790 63 72 30 
238 940 321 52 41 1392 30 54 35 800 420 72 56 1059 920 114 79 114 350 48 37 682 104 63 35 520 567 196 188 112 401 54 47 508 579 208 183 451 121 76 36 459 48 62 30 395 33 58 26 790 63 72 30 1003 947 118 79 549 71 47 33 
239 944 320 51 38 1393 30 53 34 112 346 45 39 803 418 71 54 111 402 56 47 1058 922 114 75 518 566 200 185 683 104 62 35 1002 948 119 75 459 49 61 29 451 121 76 36 395 33 59 26 790 63 71 30 548 71 48 33 866 32 59 29 909 10 68 31 
240 807 416 72 50 528 560 199 192 1393 30 53 34 950 314 47 42 1060 914 114 76 110 345 45 37 682 104 63 35 114 403 51 48 451 122 76 35 459 49 61 29 395 33 58 26 790 63 72 30 549 71 47 33 1008 948 102 72 867 32 58 29 
241 532 558 199 192 106 343 44 36 1393 30 53 34 808 414 73 48 1060 914 113 76 682 104 62 35 113 403 54 49 956 308 46 40 999 947 117 74 459 49 61 29 451 122 75 35 396 33 58 26 549 71 47 33 298 34 47 19 791 63 70 30 867 32 58 29 
242 961 307 45 38 541 556 194 188 816 407 74 51 1393 30 53 34 1059 920 112 76 103 341 46 37 682 104 63 35 996 946 118 74 459 49 61 29 112 404 56 48 451 122 75 35 396 33 57 26 791 63 70 30 548 71 48 32 297 34 47 19 867 32 57 29 
243 964 306 45 36 819 404 74 54 546 550 189 187 1058 913 113 78 1394 30 52 34 103 340 44 36 115 405 55 48 682 104 62 36 990 945 122 73 459 49 61 29 451 122 76 35 395 33 58 26 791 63 70 30 548 71 48 32 1307 47 36 22 
244 548 546 189 187 967 304 41 36 1394 31 52 32 1058 913 112 79 824 402 73 54 102 337 42 37 117 405 50 47 683 104 61 35 987 944 125 75 459 49 61 29 451 122 76 35 395 33 58 26 791 63 71 30 548 71 48 32 
245 548 544 195 185 970 303 40 34 98 336 46 38 1394 31 52 33 986 945 124 73 1059 914 109 76 828 399 71 55 682 104 62 35 459 49 61 29 451 122 76 35 395 33 58 26 118 405 49 49 548 71 48 32 791 63 71 30 
246 548 541 202 183 1394 30 52 33 974 302 34 33 834 394 68 55 682 104 62 35 986 942 124 76 98 336 44 37 1058 913 110 78 459 49 61 29 451 122 76 35 394 32 59 27 116 405 54 52 
247 551 539 203 182 1058 915 107 72 1395 31 51 32 984 942 120 75 89 331 50 40 978 299 30 33 682 104 62 36 837 391 67 54 460 49 60 29 451 122 76 35 394 32 59 27 1314 39 40 22 110 406 67 51 
248 559 522 194 188 1060 915 103 71 1395 31 51 32 981 941 123 75 842 386 72 52 683 104 61 35 459 49 62 29 450 122 77 35 1318 39 35 20 394 32 59 27 1217 984 105 88 88 332 50 37 488 927 109 49 
249 569 517 200 192 845 386 70 50 1394 30 52 33 1061 916 106 68 682 104 62 35 1318 37 37 20 83 331 49 32 459 49 62 29 489 925 117 52 450 121 77 36 979 928 127 84 394 32 59 27 1216 984 106 88 
250 570 515 202 195 1394 30 52 35 849 384 67 47 1060 915 104 66 684 104 61 35 1217 984 105 88 451 121 76 37 971 930 113 81 461 50 60 28 505 923 107 57 549 72 48 31 864 31 63 31 792 62 73 31 
251 513 925 99 54 577 508 195 199 1395 31 52 33 1051 909 100 72 856 377 67 52 969 928 113 81 1215 983 107 90 450 121 77 37 684 104 60 35 1323 35 36 20 458 49 62 30 396 32 58 27 791 63 71 30 550 42 58 25 865 31 61 30 
252 1050 909 101 72 969 929 113 80 518 925 105 54 575 508 200 193 858 375 67 52 1394 30 53 34 1216 983 106 90 684 104 60 35 450 121 77 37 459 49 61 30 395 32 59 27 118 412 68 51 793 62 69 31 
253 1050 909 101 71 966 926 113 79 581 508 198 188 862 372 65 52 1394 31 53 33 525 926 102 52 684 104 60 35 1216 984 106 88 77 322 49 34 450 121 77 37 121 412 64 52 459 49 62 30 395 32 59 27 793 63 69 30 550 42 58 26 
254 588 507 197 185 1049 908 99 70 963 926 117 76 1394 31 53 33 531 929 109 62 869 371 59 51 684 104 60 35 1216 984 106 88 450 121 77 37 459 49 61 30 396 32 58 27 78 320 45 35 792 63 70 30 550 42 58 25 122 412 64 52 
255 591 502 199 186 1048 907 99 71 1394 31 53 32 961 924 118 76 684 104 60 34 74 318 44 36 450 121 77 37 458 49 62 30 870 365 67 53 396 32 58 27 792 63 69 30 122 412 66 52 1216 983 106 90 550 42 58 26 
256 593 499 203 183 1034 907 113 70 544 929 113 69 955 923 119 76 1394 31 53 33 878 368 59 45 684 104 60 35 125 413 64 53 450 121 78 37 459 49 62 30 793 63 68 30 395 32 59 27 73 316 43 38 550 42 58 26 
257 1030 905 115 72 599 498 202 184 952 920 122 78 685 104 63 35 1394 30 53 34 458 49 62 30 882 363 60 46 796 62 63 31 545 930 122 71 868 31 54 30 452 121 75 36 549 71 47 33 396 32 57 27 
258 885 360 61 47 1025 903 117 72 605 497 202 182 953 920 118 76 550 930 126 70 1394 30 52 34 684 104 63 35 458 48 63 31 795 62 65 32 1215 984 107 89 869 31 53 30 396 32 57 27 
259 884 358 66 48 615 483 200 187 1022 903 116 72 1393 30 54 34 684 104 63 35 459 48 62 31 796 62 64 31 953 911 104 79 452 121 74 36 869 31 53 30 557 933 126 69 549 71 46 33 
260 1027 903 106 70 619 481 195 191 948 910 108 81 685 104 62 35 1393 30 53 35 888 355 62 49 458 48 63 31 796 62 64 31 1215 983 107 91 869 31 53 30 452 121 75 36 571 931 124 68 
261 625 479 193 193 1025 902 107 71 579 934 121 65 948 908 106 82 685 104 62 35 1392 29 55 35 458 48 63 31 796 62 63 31 1209 983 123 92 452 121 75 36 868 31 54 30 129 416 63 53 
262 628 480 191 187 935 906 109 81 1024 900 107 74 897 343 65 52 1392 29 55 35 685 104 63 35 458 48 63 31 795 62 64 31 1215 983 108 90 586 936 126 68 452 121 75 36 
263 1025 895 106 70 936 907 107 79 630 476 193 189 591 935 127 72 901 341 66 54 685 104 63 35 1392 29 55 35 1036 251 46 31 795 62 65 31 458 48 63 31 452 121 75 36 
264 933 905 105 78 1023 894 104 70 635 477 186 181 904 339 64 54 597 937 125 70 1392 29 55 36 1038 250 46 30 685 104 63 35 458 48 63 31 795 62 66 32 452 121 75 36 1208 983 124 91 
265 1001 887 122 77 926 905 115 77 646 470 195 180 910 342 57 44 1039 248 51 29 1392 28 55 36 612 940 119 66 685 104 63 35 1209 982 123 93 458 48 63 31 795 62 65 32 452 121 75 36 
266 648 464 193 181 1000 885 121 78 915 341 52 43 616 948 130 62 919 902 118 77 1392 28 56 37 1040 248 48 28 685 104 62 35 458 48 63 31 133 416 64 58 795 61 66 33 1214 982 109 91 452 121 75 36 
267 1002 884 115 76 652 461 188 178 917 336 56 46 1392 28 56 36 1041 247 49 25 685 104 63 35 915 901 120 77 458 48 63 31 795 62 65 32 453 121 73 36 
268 651 444 194 184 1000 882 113 74 918 334 57 46 1392 28 56 36 685 104 63 35 457 48 64 31 917 903 103 72 794 62 66 32 452 121 75 36 256 42 53 24 
269 651 443 196 185 996 881 114 75 1391 28 57 36 686 104 61 35 457 48 64 31 923 333 51 46 1064 239 34 28 795 62 65 32 255 42 53 24 912 892 104 76 
270 652 446 197 178 992 880 114 74 1391 29 57 35 924 327 64 45 685 104 62 35 913 891 101 76 457 48 64 31 1062 236 40 30 795 62 64 32 255 41 54 24 
271 992 882 108 70 659 447 194 173 900 888 104 76 1391 28 56 36 1065 231 43 30 927 327 59 43 686 104 61 35 457 48 64 31 795 62 64 31 254 41 54 24 
272 990 872 110 75 899 887 101 74 662 447 195 169 1068 229 42 32 1391 28 56 36 686 104 61 35 457 48 64 31 660 953 131 70 795 62 64 32 935 318 57 46 255 41 53 24 
273 987 873 109 73 676 446 186 165 1071 227 45 31 895 887 102 72 935 318 60 45 1391 28 57 37 685 104 63 35 457 48 64 31 795 62 64 32 
274 991 874 102 70 680 445 189 164 1073 225 45 30 942 313 54 48 890 885 111 70 1391 28 56 37 685 104 62 35 457 48 64 31 796 62 64 31 34 286 41 36 
275 684 435 194 167 968 868 116 76 1391 29 57 36 882 883 117 71 1076 224 42 29 946 312 53 46 685 104 62 35 457 48 64 31 795 62 65 32 
276 969 867 114 75 687 432 196 166 1080 222 42 29 1392 29 55 36 880 874 110 71 685 105 62 34 954 307 48 43 457 48 64 31 796 62 63 32 
277 967 867 111 70 691 429 190 165 956 307 49 40 1391 29 57 37 1080 220 43 29 685 104 62 35 796 62 64 32 139 422 65 58 457 48 64 31 
278 695 427 191 165 962 864 112 71 961 306 43 37 1392 29 55 37 872 868 119 75 685 104 62 35 1083 218 41 29 795 62 65 32 457 48 64 30 
279 957 862 113 72 964 304 40 37 698 427 193 162 1392 29 56 37 863 867 106 71 685 104 62 35 138 424 67 56 795 62 64 32 457 49 64 29 
280 967 301 39 40 955 861 107 71 1392 29 56 37 702 424 192 161 862 866 105 70 1093 210 43 31 685 105 63 34 457 48 64 31 794 61 67 33 
281 968 303 40 37 952 854 106 71 1096 209 41 28 1392 29 57 36 736 420 163 143 860 866 104 70 685 105 63 34 457 48 64 30 794 61 67 33 
282 952 854 105 70 970 303 38 35 1101 207 38 27 1392 29 57 36 856 867 110 68 745 418 151 139 684 104 65 35 457 48 65 31 
283 947 851 108 73 972 303 39 32 1105 205 37 27 743 415 158 141 1392 29 57 36 685 105 63 34 850 863 112 71 457 48 65 31 795 62 65 31 
284 949 851 104 69 749 413 156 140 1106 203 38 27 1392 29 57 37 845 860 116 73 976 301 35 31 685 104 63 35 457 48 64 31 141 425 64 56 795 61 65 32 
285 748 408 164 147 930 845 116 75 1108 201 39 27 1392 28 57 38 685 104 62 35 457 48 64 31 841 851 103 74 795 62 65 31 141 425 65 55 
286 928 844 116 73 751 403 163 143 1392 29 57 37 685 104 63 35 839 850 105 74 1111 200 36 26 457 48 64 31 795 62 64 31 
287 755 399 164 148 921 841 122 75 1392 29 57 36 685 104 63 35 457 48 64 31 1114 198 36 25 795 62 64 31 
288 917 839 125 77 750 394 174 155 1391 28 58 37 685 104 62 35 456 48 65 31 796 62 63 31 
289 751 392 177 154 916 839 123 74 825 841 103 75 1391 28 58 37 685 104 62 35 456 48 65 31 1121 190 35 28 795 61 65 32 
290 915 839 117 72 806 841 124 75 747 388 188 152 1391 28 58 37 685 104 62 35 1121 189 37 27 457 48 64 31 794 61 66 32 452 121 74 36 
291 912 834 117 68 805 842 120 72 749 385 195 155 1391 28 58 37 685 104 62 35 456 48 65 31 1123 189 34 25 795 62 65 31 452 121 74 36 
292 800 839 120 74 909 831 111 70 751 385 194 154 1391 27 58 38 685 104 63 35 456 48 65 30 795 62 63 31 
293 901 827 104 68 798 839 120 72 1391 28 58 37 752 382 196 157 685 104 62 35 456 48 65 30 795 62 65 31 
294 894 825 109 69 801 829 114 77 1390 28 59 36 685 104 63 35 456 48 66 31 751 381 200 160 796 61 65 32 
295 885 822 117 71 796 824 122 82 1390 28 59 36 685 104 64 35 457 48 64 31 765 373 185 148 743 368 217 153 
296 885 823 107 67 785 826 121 80 1390 27 59 38 685 104 64 35 457 48 64 31 748 367 213 151 1178 968 123 85 795 61 67 32 
297 882 820 105 70 785 826 117 75 1390 28 59 37 685 104 64 35 456 48 65 31 785 369 170 144 
298 880 813 104 70 783 824 117 76 1390 28 59 37 685 104 64 35 1025 257 49 34 806 365 163 141 457 48 64 31 795 61 66 32 
299 876 816 108 63 783 823 114 73 1177 968 120 83 1391 28 58 37 685 104 64 35 1026 254 49 37 457 49 63 30 243 41 50 27 805 364 165 141 796 61 65 32 1113 1005 120 72 452 121 74 36 
300 876 813 102 63 1177 969 120 79 778 821 117 74 1391 28 57 37 685 104 64 35 457 48 64 31 241 42 53 27 795 61 67 32 1114 998 112 73 
301 1171 968 122 79 853 803 118 75 1392 28 56 37 773 818 116 76 685 104 64 35 1111 997 115 75 457 48 64 31 241 42 53 27 804 341 175 141 795 61 67 32 1034 249 54 36 
302 1035 248 52 36 1172 969 121 76 770 818 114 74 851 801 115 74 1391 28 57 37 803 333 180 155 457 48 64 31 685 104 64 35 240 41 53 28 795 61 66 32 
303 844 798 118 75 1037 248 54 34 768 807 106 79 808 340 169 143 1391 28 57 37 1173 971 115 71 684 104 65 35 457 48 64 31 1103 996 119 73 795 61 67 32 239 41 55 28 
304 766 808 108 77 841 794 114 78 1035 245 59 35 1171 971 116 69 810 346 165 132 1391 28 56 37 457 48 64 31 684 104 65 35 1102 994 117 73 795 60 67 33 
305 845 785 109 80 765 804 106 80 1035 244 61 36 1391 28 57 36 815 344 161 135 457 48 64 31 684 104 66 35 795 61 66 33 1170 968 115 71 3 242 28 35 
306 839 786 112 76 766 803 101 78 1037 244 59 32 819 345 157 131 1169 966 114 73 1391 28 57 36 1097 992 120 75 457 48 64 31 684 104 65 36 795 61 66 32 
307 837 784 110 75 752 800 107 75 1097 990 113 74 1391 28 56 36 1172 967 110 72 1041 243 54 33 457 48 64 31 685 104 64 35 821 338 163 141 235 43 59 26 794 61 68 33 396 32 58 28 
308 750 799 107 74 829 782 104 74 1170 963 108 76 1052 234 48 37 1390 27 57 37 1095 990 110 71 682 104 66 35 457 48 63 31 824 338 162 135 795 61 65 33 397 32 57 27 870 31 53 30 
309 827 781 103 72 743 798 110 74 1054 232 49 39 1390 28 57 36 682 104 66 35 457 48 63 31 1168 962 111 76 795 61 65 33 830 334 160 138 397 32 56 27 870 31 52 30 
310 814 778 118 75 1060 231 44 40 682 104 66 35 733 796 117 75 1391 28 55 37 458 49 62 30 834 332 157 137 796 62 62 31 1153 952 117 84 396 32 58 27 870 31 52 29 
311 804 776 119 75 1391 27 56 38 1065 229 45 33 683 104 65 35 457 48 63 31 1153 952 115 83 731 788 121 76 833 328 163 140 796 62 63 31 396 32 58 27 78 422 39 47 869 31 53 29 
312 1068 227 42 34 834 325 169 137 803 775 116 76 729 786 122 77 1391 27 56 38 457 48 63 31 683 104 65 35 1152 950 114 83 78 425 43 44 396 32 58 27 796 61 64 33 869 31 53 30 
313 1069 227 49 33 805 768 110 72 732 784 101 74 1154 951 111 77 1391 27 55 37 683 104 65 35 457 48 63 31 839 324 166 134 1179 144 37 22 1069 977 114 71 796 62 64 32 395 32 58 27 869 31 53 29 78 425 42 47 
314 1073 225 46 31 1150 950 114 80 1391 28 55 37 457 48 63 31 684 104 64 35 1182 142 35 24 1066 974 113 74 805 767 105 70 842 323 166 129 796 62 65 32 396 32 57 27 78 427 44 45 869 31 53 30 731 780 99 76 
315 1074 224 46 29 1152 950 109 76 1391 28 55 37 457 48 63 31 684 105 63 34 797 62 63 31 1063 973 112 76 870 31 52 29 1180 142 38 24 396 32 57 27 
316 1076 222 48 29 1144 948 114 77 1390 27 56 38 457 48 63 31 684 104 63 35 852 316 158 128 1062 972 106 74 796 61 65 33 1183 139 39 25 869 31 53 30 396 32 57 27 
317 1077 220 47 31 1142 947 115 75 1390 27 56 38 684 104 63 35 457 48 64 31 797 62 63 31 870 31 52 29 396 32 57 27 
318 1138 946 117 76 1079 216 50 33 1391 27 55 38 457 48 64 31 684 104 63 35 1064 971 102 70 796 62 65 31 396 32 57 28 869 31 53 29 873 305 134 129 1190 137 34 23 
319 1137 943 114 79 1080 216 48 32 1391 27 55 38 457 48 64 31 684 104 63 35 768 747 118 76 877 306 134 126 1047 967 110 73 796 62 64 32 396 32 57 27 869 31 53 30 
320 1135 943 113 77 775 747 102 72 1391 28 55 37 456 48 65 31 684 104 63 35 1092 209 43 32 796 62 64 32 396 32 57 27 869 32 53 29 693 762 123 73 1081 214 47 33 
321 770 742 105 75 1096 208 39 30 1133 942 113 77 692 760 103 74 1391 28 55 37 456 48 65 31 1039 960 113 79 683 104 63 35 796 62 64 32 884 302 128 130 1194 130 41 24 869 31 53 30 
322 767 739 106 74 1134 940 109 78 1098 207 40 30 1036 955 110 75 692 760 99 69 1391 28 55 37 884 303 126 127 457 48 64 31 683 104 64 35 796 62 64 31 870 32 51 28 1196 130 38 24 
323 1102 206 40 28 1133 940 109 77 1031 955 111 74 1390 28 56 37 764 738 106 72 893 303 115 120 683 104 64 35 682 760 100 66 457 48 64 31 796 62 64 32 
324 1105 204 37 29 1028 952 110 76 898 298 127 123 1132 939 107 78 1390 28 57 37 757 737 97 69 675 750 107 69 456 48 65 31 683 104 63 35 795 62 65 32 1305 1030 109 49 869 31 53 30 
325 1026 951 109 75 895 295 133 122 1106 201 39 31 1119 931 113 83 1391 28 55 37 456 48 65 31 683 104 63 35 673 747 105 71 748 730 109 70 795 62 65 32 1207 125 34 24 
326 1023 949 110 76 898 292 128 122 1108 200 38 31 1117 927 113 89 668 744 114 74 745 731 100 66 1391 28 56 37 1301 1030 112 50 456 48 65 31 683 104 63 35 1210 124 33 24 795 62 65 32 
327 1115 927 112 86 666 738 104 79 902 288 122 119 1111 198 39 29 737 727 112 72 1020 946 112 78 1391 28 56 37 684 105 61 34 456 48 65 31 1211 123 33 24 1301 1029 111 51 796 62 63 31 870 31 52 29 
328 1111 926 113 84 905 288 119 116 658 738 105 78 734 723 101 69 1112 198 40 29 1391 28 56 37 1007 947 114 74 685 105 60 34 1212 121 34 24 457 48 64 31 1299 1029 114 51 795 62 64 32 
329 1107 925 115 82 909 287 114 111 656 736 104 76 684 105 61 34 1391 28 56 37 457 49 64 29 1005 944 112 75 732 718 99 72 1115 198 35 27 1292 1023 118 56 795 62 63 31 1214 120 33 24 1120 191 36 26 
330 1102 925 116 77 908 287 119 106 1001 942 113 76 1288 1026 120 54 1123 190 33 28 1391 28 56 37 685 105 60 34 457 48 64 30 656 736 99 74 1216 118 32 23 795 62 63 31 728 717 86 69 870 32 52 28 
331 1100 924 114 76 912 285 118 108 994 942 116 74 1391 28 56 37 685 105 61 34 457 49 64 29 1285 1024 122 56 727 718 87 66 795 62 63 31 1122 188 36 29 1217 116 35 23 451 121 75 37 870 31 52 29 
332 1097 921 112 78 990 934 114 77 914 282 115 109 1391 28 56 37 717 710 97 68 1283 1021 125 59 456 48 65 30 685 105 61 34 1123 188 35 28 795 62 63 32 869 31 53 30 642 722 100 81 
333 1098 922 105 75 989 932 110 78 709 708 104 70 919 279 123 114 1283 1022 125 58 1391 28 56 37 456 48 65 30 638 721 99 75 685 105 61 34 1125 187 34 27 795 62 64 32 869 31 53 30 
334 984 930 112 78 1096 918 107 80 707 705 101 70 633 719 119 76 1391 28 56 36 456 48 65 30 685 105 61 34 921 279 122 115 795 62 63 32 1282 1021 124 59 870 31 52 29 
335 972 927 116 79 1094 916 109 82 700 702 103 70 627 719 102 72 1281 1021 123 59 1391 28 55 36 926 279 121 112 456 49 65 29 685 105 61 34 795 62 63 32 1227 108 36 26 870 31 52 29 1128 182 39 28 
336 693 698 105 74 972 927 113 74 622 718 101 72 1094 914 107 76 1391 28 55 36 456 49 64 29 685 105 61 34 1282 1020 118 59 1229 108 35 25 934 294 80 93 795 63 63 31 870 32 52 28 452 121 74 37 
337 689 695 106 74 968 925 113 75 1081 908 114 83 620 716 101 71 1391 28 55 36 685 105 61 33 457 49 63 29 1230 107 36 25 1282 1020 120 59 796 63 62 30 871 32 51 28 452 121 74 36 
338 1081 907 110 82 686 693 97 76 963 920 116 78 1390 28 56 36 619 716 98 69 456 48 65 31 685 105 62 33 796 63 62 30 1233 106 33 25 1281 1018 118 61 871 32 51 28 197 476 65 56 
339 1078 904 108 81 681 683 102 80 958 917 117 81 1391 28 55 36 456 48 64 31 685 105 62 33 796 62 62 31 871 32 51 28 1280 1018 117 61 604 706 108 73 1234 106 34 22 196 477 66 55 875 25 52 24 
340 678 684 103 75 1069 904 115 80 600 704 106 71 959 914 109 74 1391 28 55 37 685 105 62 33 456 48 65 31 795 62 64 31 871 32 51 28 1278 1018 116 60 875 24 52 25 
341 671 683 102 71 597 700 102 71 1066 904 114 78 956 911 108 75 1391 28 55 37 456 48 64 31 1261 1017 122 62 685 105 62 34 795 62 63 31 871 32 51 28 196 476 67 56 
342 666 679 104 72 951 910 110 75 1062 902 112 79 591 697 105 72 1391 28 56 36 456 48 64 31 685 105 62 34 794 62 65 32 870 32 52 28 1258 1014 125 65 957 254 120 115 452 121 74 37 123 429 74 80 
343 660 675 107 76 1059 899 113 81 584 696 109 71 948 904 111 80 1391 28 55 37 456 49 64 29 685 105 61 34 795 62 63 32 1258 1015 124 64 870 32 52 28 197 475 68 58 452 121 74 37 
344 654 673 108 76 582 696 103 69 1060 897 109 81 948 904 109 78 1391 28 55 37 1259 1011 120 67 456 49 64 29 685 105 61 34 795 62 63 31 870 32 52 28 452 121 74 37 197 476 67 57 
345 653 673 106 73 1059 897 108 81 581 682 98 77 1259 1013 118 65 937 904 104 73 1391 28 56 37 456 49 64 29 685 105 61 34 795 62 62 32 870 31 52 29 1245 94 35 24 452 121 74 37 
346 646 667 104 70 570 681 108 75 1058 893 107 76 1390 28 56 36 935 901 102 74 1253 1010 122 68 685 105 62 34 456 49 64 29 795 62 63 31 870 32 52 28 452 121 74 37 965 247 115 107 
347 645 667 103 68 568 680 103 72 1045 886 113 81 1390 28 56 37 927 892 101 72 1247 1010 124 67 685 105 62 34 456 49 64 29 795 62 63 31 870 31 52 29 452 121 74 37 
348 641 661 101 73 563 677 99 72 1042 884 113 82 923 892 108 72 1391 28 55 36 1246 1008 123 68 685 105 62 34 456 49 64 29 795 62 63 31 870 31 52 29 452 121 74 36 
349 632 661 103 67 920 890 108 74 558 677 99 69 1042 883 109 79 1243 1006 124 71 1391 28 56 36 685 105 62 34 456 49 64 29 795 62 64 31 871 32 50 28 452 121 74 36 651 63 43 30 
350 626 658 108 70 1028 881 120 79 917 889 106 73 556 675 96 69 1391 27 56 37 685 105 62 34 456 49 64 29 795 62 63 32 1247 997 118 77 870 31 52 29 452 121 74 37 548 72 47 32 
351 547 665 97 73 621 655 110 70 1025 878 120 81 914 886 107 74 1390 28 57 36 1244 997 117 78 685 105 62 34 457 49 63 29 794 62 64 32 548 72 48 32 869 31 53 29 452 121 74 37 1009 233 93 91 1138 1026 123 54 650 63 44 30 
352 545 660 98 78 1022 878 118 80 618 653 107 71 1391 28 56 36 910 883 111 76 685 105 62 34 457 49 63 29 986 232 124 106 795 62 63 32 547 72 48 32 1245 997 117 78 452 121 74 37 869 32 53 28 1173 149 36 20 1258 87 30 20 650 63 44 30 
353 618 650 100 62 547 656 91 79 1021 877 114 79 898 879 111 77 1391 28 56 36 685 105 62 34 457 49 63 29 794 62 64 32 1243 997 117 77 1175 147 37 21 993 230 123 108 452 121 74 37 548 72 47 32 869 32 53 28 
354 537 658 98 72 615 645 92 65 1021 870 111 80 1392 28 55 36 895 877 104 82 684 104 63 35 457 49 63 29 794 61 64 33 992 229 122 108 547 72 48 32 452 121 74 37 869 31 52 30 1263 85 27 20 
355 609 641 94 69 889 870 110 78 530 657 99 68 1020 870 109 79 1392 28 55 36 684 104 63 35 1179 143 38 24 456 49 64 29 795 61 64 33 1225 993 121 82 452 121 74 37 869 32 52 29 
356 885 867 109 79 604 638 93 68 1020 870 109 78 525 656 98 66 1392 28 55 36 684 104 63 36 1224 990 120 86 1179 141 39 25 456 49 64 29 794 61 65 33 451 121 75 37 548 71 48 33 869 31 52 30 1016 223 99 85 
357 879 867 108 72 1021 871 107 74 599 636 98 68 518 648 97 67 1392 29 54 35 684 104 64 35 1035 221 83 83 795 61 68 33 458 49 63 30 1223 989 119 85 
358 874 865 112 74 510 642 102 76 1006 864 110 77 1393 29 53 35 593 632 101 71 1182 140 40 26 686 104 62 35 456 49 64 29 793 61 67 33 1016 222 100 83 1270 78 31 21 549 71 47 33 
359 874 863 107 74 510 640 95 75 1002 863 113 77 587 627 103 67 1392 29 53 35 1183 138 40 25 686 104 62 35 456 49 64 29 793 61 67 33 549 71 47 33 869 31 54 30 
360 998 863 114 74 864 860 104 72 583 627 100 65 511 636 89 76 1392 29 54 35 1224 988 101 75 1186 136 40 25 686 104 62 35 1034 218 86 87 456 49 65 30 793 61 67 33 868 31 55 30 
361 502 634 95 71 581 625 98 64 990 859 121 77 1393 29 53 35 856 853 106 70 3 338 20 44 686 104 62 35 457 49 63 29 1189 135 41 25 793 61 67 33 1213 986 118 76 1031 217 92 89 549 71 47 33 868 31 55 30 
362 576 617 95 70 499 636 94 66 852 851 108 71 992 858 115 77 1392 29 54 35 686 104 62 35 794 61 65 33 457 49 63 29 1032 218 90 85 868 31 55 30 
363 572 616 94 68 850 850 109 73 991 853 110 75 1393 29 53 35 492 628 91 65 686 104 63 35 794 61 65 33 456 49 65 29 868 31 55 30 
364 846 846 106 74 566 614 95 69 988 852 113 76 486 624 94 67 1393 29 52 35 686 104 63 35 794 61 65 32 457 49 64 30 1194 129 42 26 4 339 25 47 868 31 55 30 
365 840 842 109 76 985 851 111 77 558 613 100 68 480 618 96 72 1393 29 53 35 685 104 64 35 457 49 64 30 1195 130 41 23 794 61 65 33 1209 980 106 69 
366 982 848 112 78 838 840 109 76 475 614 95 73 1393 29 52 35 554 609 104 64 686 104 63 35 793 61 66 33 457 49 64 29 1204 126 36 24 549 71 47 33 
367 474 613 92 71 551 607 101 65 970 845 113 74 1393 28 53 36 816 836 123 78 1205 124 36 25 1035 204 110 110 685 104 64 36 793 61 66 33 457 49 64 29 
368 545 604 100 66 468 612 91 68 1206 124 39 25 968 843 111 74 1393 29 53 35 822 831 110 73 1039 202 106 113 1189 970 116 79 685 104 64 36 793 61 66 33 457 49 64 29 
369 461 606 98 69 818 830 110 73 965 840 112 76 543 598 99 68 1189 971 115 75 1208 123 38 25 1394 29 52 35 1038 202 110 115 685 104 63 36 1063 986 115 77 793 61 66 33 1286 62 31 26 457 49 64 29 548 71 49 33 
370 809 830 114 71 957 839 113 76 1211 121 37 26 538 594 95 70 1185 969 115 74 454 603 95 69 1393 28 53 36 685 104 62 35 1042 201 106 117 793 61 67 33 457 49 64 29 549 71 48 33 
371 805 826 110 74 537 591 91 70 956 839 110 75 450 598 94 69 1212 118 39 26 1178 967 120 74 1393 29 53 35 686 104 62 35 793 61 65 33 457 49 64 29 549 71 48 33 1042 201 107 117 
372 801 820 109 80 955 831 107 76 443 594 95 71 530 591 93 68 1174 966 120 72 1393 28 53 36 1214 115 38 28 1043 194 107 101 685 104 63 35 793 61 66 33 1291 60 32 25 549 71 48 33 457 49 64 29 
373 798 816 110 82 953 832 108 74 522 587 102 66 436 590 99 72 1174 965 114 71 1215 114 39 28 1393 28 53 36 1044 974 111 73 685 104 63 35 794 61 65 32 1046 197 108 120 549 71 48 33 
374 521 586 98 64 951 832 105 73 798 814 108 81 1173 964 111 73 1040 972 111 74 1393 29 53 35 1216 113 40 28 436 591 94 67 794 61 65 32 686 105 62 34 548 71 49 33 1044 189 108 104 457 49 64 30 
375 786 812 112 71 519 586 95 63 947 831 109 71 428 586 96 66 1172 965 107 69 1036 971 111 73 1394 28 52 36 1218 113 40 27 1294 59 34 23 1047 189 106 100 794 61 66 32 686 104 62 35 548 71 49 33 457 49 64 29 
376 785 809 108 74 513 580 95 65 426 582 93 67 1171 959 108 69 1031 969 111 73 946 826 110 74 1394 29 52 35 1225 108 37 26 794 61 65 32 686 105 62 34 548 71 49 33 1296 59 31 22 1050 189 99 96 457 49 64 29 
377 781 808 105 73 1154 955 113 74 508 574 98 69 935 822 111 73 1227 107 37 27 1028 967 109 73 423 578 86 68 1394 28 52 36 794 61 66 33 686 104 62 35 548 71 49 33 457 49 64 29 1052 189 96 96 
378 775 805 104 72 1153 952 109 76 933 819 111 74 500 572 97 68 419 575 85 67 1027 964 107 75 1394 28 51 36 1229 107 36 27 794 61 66 32 686 104 61 35 548 71 49 33 457 49 64 29 
379 770 802 104 73 1150 951 110 72 497 571 95 66 924 817 118 75 411 571 91 69 1024 962 107 77 1394 28 52 36 1229 107 39 26 794 61 65 32 549 71 47 33 457 49 64 29 686 105 62 34 
380 493 568 99 62 767 800 105 72 919 808 116 80 1143 948 113 73 409 571 87 66 1230 105 39 26 1393 28 53 36 1021 959 109 80 549 71 47 33 794 61 65 32 457 49 64 29 686 105 62 34 1074 181 79 87 
381 919 808 112 79 1140 947 112 72 763 797 106 73 491 568 94 60 1009 957 110 70 1393 28 53 36 1230 105 39 24 399 563 93 68 794 61 65 32 549 71 48 33 456 49 65 29 686 104 62 35 
382 911 810 111 73 1139 942 107 76 1002 953 114 74 754 791 105 70 488 566 93 61 1393 28 53 36 391 559 96 69 1232 104 38 23 794 61 65 32 686 105 62 34 548 71 49 33 457 49 64 29 1074 180 82 87 
383 909 807 111 75 751 790 105 69 1136 942 107 75 996 951 115 72 390 558 87 64 485 563 91 60 1393 29 53 35 795 61 64 32 1235 102 34 23 686 105 62 34 549 71 48 33 457 49 64 29 
384 745 787 107 70 909 802 110 79 1134 941 107 75 991 951 116 69 1394 28 52 36 385 556 87 65 478 557 91 62 24 375 39 45 794 61 65 32 548 71 49 33 686 104 62 35 1078 180 83 86 456 49 65 29 
385 896 799 113 77 990 948 111 71 734 785 109 68 1117 934 118 79 1394 28 52 36 24 378 42 42 382 554 83 62 1078 177 87 88 794 61 65 32 686 104 62 35 476 556 89 60 1238 95 39 25 548 71 49 33 
386 1118 932 113 79 893 796 114 79 986 944 112 75 1394 28 52 36 737 781 101 70 1082 178 81 85 374 554 88 60 466 549 92 69 24 378 44 44 1241 95 37 25 795 61 64 32 686 104 62 35 548 71 49 33 
387 1116 931 111 78 887 794 116 80 731 777 106 73 983 941 112 78 1393 28 53 36 463 545 94 65 1081 177 86 85 27 381 42 42 1243 94 36 25 794 61 65 32 366 544 91 62 686 104 63 35 
388 1111 929 110 78 881 794 117 78 728 772 102 70 1394 28 52 36 458 544 94 64 969 931 115 83 1084 175 84 85 794 61 65 32 1247 94 33 24 686 104 62 35 
389 1107 927 111 74 880 790 115 74 969 929 106 78 1394 29 52 35 716 768 108 72 455 546 92 60 349 537 95 62 1084 176 84 82 795 61 64 32 686 104 62 35 1249 94 35 23 
390 1103 926 111 73 880 790 106 71 960 929 116 76 1394 29 52 35 713 765 103 72 1252 85 33 27 1086 173 87 84 794 61 65 32 686 104 62 35 456 49 65 29 549 72 48 32 
391 877 789 108 73 1102 924 108 74 959 928 116 75 709 763 100 71 1394 28 52 36 1256 86 34 26 795 61 64 32 686 104 62 35 1089 174 82 80 549 72 47 32 456 49 65 29 
392 1101 922 104 75 874 786 106 74 702 760 101 73 957 928 111 72 1395 29 51 34 1257 85 33 25 794 61 65 32 686 104 62 35 1093 172 77 81 549 72 48 31 1097 161 81 86 1323 39 28 19 
393 1099 922 102 74 955 925 105 75 697 757 103 72 874 784 103 75 1395 30 51 33 1258 84 32 26 1098 162 80 83 794 61 64 32 686 104 62 35 549 72 48 32 456 49 64 29 
394 691 751 103 69 948 924 108 74 1095 921 109 73 863 776 105 77 1259 83 32 27 1395 29 51 34 1099 159 79 88 794 61 65 32 685 104 63 35 456 49 64 29 451 120 75 38 549 71 48 32 
395 691 751 100 69 947 921 108 77 1080 912 114 80 862 775 105 78 1394 29 52 34 1259 83 32 25 794 61 64 32 686 105 61 34 549 71 48 32 451 120 75 37 456 49 64 29 
396 680 743 106 74 1079 911 112 80 937 914 110 77 849 773 117 79 1395 30 51 33 1261 83 32 25 794 61 64 32 686 105 62 34 456 49 64 29 549 72 48 31 451 120 75 37 1310 1045 140 34 1256 39 29 16 
397 680 740 102 75 1079 911 109 78 937 913 105 74 847 765 117 82 1395 29 51 34 1263 82 30 24 794 61 65 32 38 397 49 43 686 104 62 35 549 72 48 31 456 49 64 29 1103 160 75 82 451 120 75 37 1255 40 25 16 1108 156 82 85 
398 674 739 96 72 846 765 115 79 1071 908 112 80 932 911 104 73 1394 29 52 34 1254 41 27 17 794 61 64 32 1264 82 32 22 686 104 62 35 456 49 64 29 451 120 75 38 550 72 45 31 42 398 45 43 
399 666 735 100 74 845 764 111 80 1065 906 114 78 929 909 100 72 1394 30 51 33 1252 42 27 18 1266 81 32 21 794 62 64 31 685 104 63 35 456 49 64 29 451 120 75 37 
400 661 733 102 76 839 765 110 75 920 907 107 71 1064 904 109 76 1395 29 51 35 42 401 47 40 1268 79 33 19 685 104 63 35 794 61 65 32 456 49 64 29 451 121 75 36 1252 42 21 19 
401 654 724 106 78 836 763 110 74 913 904 107 73 1064 904 106 74 1394 29 52 35 794 62 64 31 685 104 63 35 457 49 63 29 1270 77 33 20 
402 654 721 103 78 1059 903 109 75 835 761 110 74 910 901 107 76 1394 29 52 34 794 61 64 32 685 104 63 35 
403 827 757 105 72 646 719 103 76 1060 900 106 76 905 895 100 73 1394 30 52 33 794 61 64 32 685 104 63 35 1122 151 87 65 456 49 64 29 
404 646 718 97 74 826 757 104 71 899 892 103 75 1042 898 118 78 1394 29 52 35 1116 152 86 75 794 61 64 32 685 104 63 35 456 49 64 29 369 501 114 60 
405 639 716 93 72 823 756 107 70 1048 897 105 80 895 889 100 76 1395 29 52 35 794 61 64 32 685 104 63 35 1122 147 91 72 457 49 63 29 
406 811 745 114 76 632 715 99 72 1041 890 110 78 1395 29 51 35 890 888 101 72 1125 147 91 70 794 61 64 32 685 104 63 35 285 484 79 56 
407 810 743 111 78 625 706 105 73 1032 889 115 79 284 478 74 59 1393 29 54 35 883 885 102 72 1127 146 90 70 1287 1021 192 59 458 49 62 29 795 62 66 32 869 31 54 32 685 105 61 33 
408 622 706 104 71 809 741 105 76 1028 885 113 79 876 882 107 75 276 474 77 61 1392 28 55 37 1130 144 88 71 456 48 64 31 795 61 69 33 867 30 56 32 548 73 47 31 684 105 63 33 
409 619 703 103 72 809 739 102 76 1027 885 111 75 275 472 72 58 1393 29 53 36 873 879 107 64 795 61 67 32 456 49 64 30 1131 142 86 70 867 30 56 32 684 105 62 33 548 73 47 31 
410 866 875 105 69 806 737 104 75 610 699 101 71 1028 883 108 76 1393 29 53 36 273 471 69 58 1135 144 80 67 795 61 66 32 456 49 64 30 684 105 63 33 867 30 56 32 548 73 47 31 
411 862 869 103 73 607 695 99 72 1028 882 107 74 805 737 99 73 1392 28 54 36 795 62 67 32 267 467 72 53 457 49 63 30 1284 61 34 24 1278 1015 126 65 867 30 55 32 684 105 63 33 1135 143 80 66 
412 1025 881 105 74 602 694 96 71 858 867 99 73 1392 28 54 36 263 466 72 51 1287 60 36 24 788 724 105 79 795 61 66 33 456 49 64 29 685 105 61 33 867 30 56 32 1278 1014 130 66 
413 599 690 97 67 852 865 101 72 1006 874 117 83 1392 28 55 36 253 462 77 52 790 724 103 75 795 61 67 32 456 49 64 30 684 105 62 33 867 30 56 32 
414 595 686 99 71 845 864 104 71 1007 867 112 87 250 460 77 53 786 722 104 79 1391 28 56 36 1265 1012 114 66 795 61 67 32 456 49 64 29 867 30 56 32 684 105 63 33 548 74 46 30 
415 587 679 100 75 1005 869 111 83 841 861 105 73 783 721 103 78 246 456 77 54 1391 28 56 36 359 482 81 49 1259 1011 116 66 795 61 66 32 456 49 64 29 867 30 56 32 685 105 62 33 
416 583 675 99 77 1002 867 112 83 780 718 100 79 834 855 110 70 243 451 76 58 1391 28 56 36 795 61 67 32 456 49 64 30 1254 1010 120 67 867 30 56 32 1223 61 33 20 684 105 63 33 
417 997 868 114 80 827 846 106 78 580 674 100 75 777 717 98 78 1391 28 57 36 241 447 81 55 1250 1008 123 68 795 61 67 32 456 49 64 30 1222 61 33 21 868 30 55 32 548 72 47 32 
418 993 868 114 78 824 845 102 74 574 671 95 74 775 715 97 79 1249 1007 120 69 1391 28 56 36 236 445 79 55 73 427 41 43 795 61 66 32 1220 62 35 22 456 49 64 29 868 31 55 31 684 105 63 33 
419 992 865 111 76 566 666 101 72 799 843 125 75 771 714 100 79 1392 28 55 36 233 444 76 53 1247 1005 114 72 1219 63 34 21 795 61 65 32 75 427 40 45 1295 56 35 21 456 48 64 30 684 105 63 33 868 31 55 31 
420 560 662 100 75 990 865 105 74 799 841 120 74 1245 997 108 76 1391 28 56 36 770 712 100 79 795 61 66 33 1218 63 33 23 456 48 64 31 868 31 55 31 684 105 63 33 229 441 75 53 343 470 86 49 73 429 44 43 
421 557 658 96 75 987 864 106 74 798 836 114 79 1391 28 55 36 1245 996 106 77 764 707 104 74 1216 64 33 23 795 61 66 33 684 105 62 33 223 439 80 52 868 31 55 31 456 48 64 30 
422 551 655 98 74 986 861 106 74 797 833 111 83 755 701 102 76 1392 28 55 36 1242 998 109 72 1216 65 33 23 795 61 65 32 213 436 80 56 684 105 62 33 456 49 64 29 868 30 54 32 78 430 43 44 
423 547 653 98 74 984 860 107 74 791 826 108 82 754 698 103 76 1392 28 55 36 1232 995 107 75 795 61 66 33 684 105 62 34 1216 66 29 25 451 120 75 38 456 48 64 31 868 30 54 32 
424 789 824 105 82 973 860 106 72 545 652 96 73 751 696 103 74 1392 28 55 36 1229 992 106 77 794 61 66 32 1214 66 32 25 684 105 62 34 211 423 76 56 868 30 54 32 456 48 64 30 452 120 74 38 
425 539 647 94 71 787 826 100 75 968 853 107 74 749 695 100 74 1393 29 54 35 1222 990 117 78 795 61 65 32 684 105 62 34 456 48 64 30 452 120 74 38 867 30 55 32 
426 534 645 94 70 963 851 108 74 781 825 98 71 748 695 95 73 1392 29 55 35 1225 989 102 77 683 105 63 34 795 61 65 33 205 422 75 53 457 49 63 29 452 120 74 38 
427 963 850 104 73 530 641 91 72 776 822 98 72 1213 989 118 76 201 419 73 54 1393 29 54 35 747 694 94 73 321 453 76 52 795 61 65 33 683 105 64 34 457 49 63 29 451 120 75 38 549 73 45 31 
428 525 639 91 71 959 849 104 72 743 684 96 78 200 417 71 54 1393 30 54 34 1210 987 118 76 312 447 83 53 683 105 63 34 794 61 67 33 770 820 101 72 1169 121 83 56 549 73 45 31 451 120 75 38 457 49 63 29 
429 956 847 104 70 520 636 92 71 739 682 100 79 1210 986 113 75 1393 29 54 36 311 447 80 52 198 414 67 52 1172 120 79 58 683 104 64 35 794 61 67 33 549 73 46 31 451 120 75 38 
430 513 632 95 72 952 846 107 69 1210 985 108 74 736 678 96 81 1393 29 54 36 1176 116 78 54 683 104 64 35 759 810 96 72 794 61 66 33 193 414 70 50 308 446 75 50 548 73 47 30 451 120 75 38 
431 949 845 108 70 1208 985 108 72 510 630 94 63 735 676 96 80 1177 114 76 57 1392 29 55 36 754 806 93 71 682 104 65 35 795 61 65 33 549 73 46 31 451 120 75 38 456 49 64 29 
432 504 624 93 69 946 841 112 73 1203 981 111 66 734 675 95 79 299 441 75 50 1393 30 54 34 1175 115 80 55 682 104 65 36 794 61 66 33 549 73 45 30 451 120 75 38 1198 80 31 22 748 803 95 71 456 49 64 29 
433 1193 977 113 71 505 620 86 70 936 838 112 75 734 672 93 81 1394 30 53 35 683 104 63 36 1176 113 78 58 795 61 65 33 1194 81 33 23 548 73 47 30 299 438 74 51 744 800 94 70 451 120 75 38 456 49 64 29 
